000000000000000000000000000000
00      @@      @@          00
00      @@      @@          00
00  11  @@      11  11  11  00
00  11  @@      11  11  11  00
00  11          11  11@@11  00
00  11        1111  11@@11  00
00      11    1111  @@      00
00      11          @@      00
00%%    11    @@    11%%11@@00
00%%    11    @@    11%%11@@00
00%%%%      11    @@  %%    00
00%%%%      11    @@  %%    00
00  111111%%%%%%@@    %%11  00
00  111111%%%%%%@@    %%11  00
00      @@%%11  11  11  11  00
00      @@%%11  11  11  11  00
00@@11  @@  11  11      11  00
00@@11  @@  11  11      11  00
00  11  11  111111  11@@11  00
00  11  11  111111  11@@11  00
00  11  11  111111          00
00  11  11                  00
00  11              11  11  00
00  11       1111   11  11  00
00  11  11   1  1   111111  00
00  11  11   1  1   111111  00
000000000000000000000000000000