000000000000000000000000000000
00        1111              00
00        1111              00
00        11      @@@@@@    00
00@@  11  11          @@    00
00@@  11      11            00
00@@  11      11            00
0011  111111  1111  ~~~~  ~~00
0011  111111  1111  ~~~~  ~~00
0011      11        ~~      00
00                  ~~      00
00        ~~~~  ~~~~~~  111100
00    11  ~~~~  ~~~~~~  111100
001111    ~~11  111         00
001111    ~~11  111         00
00        ~~           @@   00
00        ~~            @   00
00~~~~    ~~  @@  11        00
00~~~~~~  ~~  @@  11   @    00
00                     @111100
00      1111           @111100
00        1111111111        00
00        11      1111      00
00111111            1111    00
001111       1111     11    00
0011         1  1           00
00           1  1           00
000000000000000000000000000000